1          0.005          0.005          0.005          0.005          0.005          0.005          0.005          0.005          0.004          0.005          0.004          0.005          0.004          0.004          0.004          0.004          0.004          0.005          0.004          0.005          0.004          0.004          0.005          0.004          0.004
3          0.011          0.011          0.011          0.011           0.01           0.01          0.011          0.011          0.012           0.01           0.01           0.01           0.01          0.011          0.011          0.011          0.011           0.01           0.01          0.011          0.011           0.01           0.01           0.01          0.011
3          0.012          0.012          0.012          0.012          0.012          0.012          0.012          0.012          0.012          0.011          0.014          0.012          0.012          0.012          0.012          0.011          0.011          0.011          0.012          0.012          0.011          0.012          0.012          0.013          0.012
9          0.036          0.035          0.035          0.035          0.035          0.035          0.035          0.035          0.034          0.035          0.035          0.035          0.035          0.034          0.035          0.035          0.035          0.035          0.035          0.035          0.035          0.035          0.035          0.034          0.035
20          0.074          0.078          0.072          0.072          0.073          0.072          0.074          0.072          0.072          0.072          0.072          0.073          0.072          0.073          0.073          0.073          0.072          0.073          0.073          0.073          0.073          0.072          0.072          0.072          0.073
30          0.109          0.108          0.108          0.108          0.108          0.108          0.108          0.107          0.109          0.108          0.108          0.108          0.109          0.111          0.109          0.108          0.108          0.108          0.108          0.109          0.109          0.109          0.109          0.108          0.107
40          0.142          0.141          0.141          0.141          0.145           0.14          0.146          0.144           0.14          0.142          0.145          0.141           0.14          0.142          0.148          0.143          0.145           0.14          0.144          0.143          0.141          0.142          0.149          0.141          0.141
58          0.201          0.202            0.2          0.202          0.205          0.203          0.202          0.201          0.201          0.203            0.2          0.203          0.201          0.203          0.202            0.2          0.204          0.201          0.201          0.202            0.2          0.202          0.201          0.201          0.201
68          0.238          0.235          0.237          0.236          0.238          0.236          0.238          0.235          0.237          0.235          0.238          0.235          0.237          0.235          0.237          0.236          0.236          0.235          0.235          0.237          0.236          0.236          0.238          0.237          0.236
73          0.254          0.254          0.254          0.256          0.254          0.259          0.254          0.255          0.253          0.255          0.254          0.253          0.255          0.253          0.254          0.254          0.253          0.254          0.254          0.255          0.253          0.254          0.254          0.254          0.254
81          0.284          0.286          0.283          0.283          0.283          0.283          0.285          0.284          0.284          0.284          0.283          0.287          0.285          0.286          0.288          0.288          0.286          0.287          0.286          0.284          0.286          0.284          0.286          0.289          0.283
99          0.335          0.331          0.333          0.334          0.331          0.333          0.333          0.331          0.333          0.332          0.331          0.333          0.341          0.334          0.362          0.339          0.347          0.344          0.333          0.333          0.344          0.331          0.338          0.333          0.338
112          0.428          0.431           0.43          0.433          0.432          0.432          0.431           0.43          0.431           0.43          0.431          0.428          0.431           0.43          0.431          0.429           0.43           0.43          0.429          0.431           0.43           0.43           0.43          0.431           0.43
115          0.449          0.447          0.449          0.449          0.448          0.449          0.449          0.448          0.449          0.448          0.447          0.448          0.447          0.449          0.449          0.447          0.449          0.448          0.448          0.451          0.448          0.449          0.448          0.447          0.447
124          0.481          0.497          0.489          0.484           0.49          0.481          0.509          0.482          0.487          0.481          0.482          0.482          0.481          0.484          0.483          0.483          0.484          0.483          0.481          0.482          0.483          0.483          0.482          0.483          0.482
130          0.506          0.509          0.507          0.505          0.508          0.506          0.506          0.504          0.505          0.506          0.507          0.505          0.507          0.505           0.51          0.508          0.507          0.537          0.568          0.543          0.513          0.517          0.506          0.567          0.539
137          0.464          0.462          0.498          0.464          0.494          0.464          0.495          0.462          0.461          0.471          0.463          0.464          0.464          0.464          0.463          0.464          0.463          0.464          0.462          0.462          0.463          0.464          0.462          0.467          0.462
143          0.555          0.558          0.554          0.556          0.555          0.558          0.557          0.553          0.557          0.556          0.558          0.558          0.555          0.557          0.557          0.556          0.554          0.556          0.558          0.558          0.556          0.556          0.556          0.555          0.562
154          0.589          0.588          0.587          0.588           0.59          0.587          0.588          0.588          0.589          0.591          0.588          0.587          0.588          0.587          0.588          0.589          0.587          0.588          0.588          0.586          0.587          0.584          0.588          0.588          0.585
177          0.709          0.711            0.7          0.701          0.694          0.691          0.693          0.693          0.696          0.692          0.696          0.695          0.694          0.695          0.695          0.693          0.693          0.692          0.695          0.708          0.704          0.733          0.721          0.761          0.754
207          0.713          0.714          0.713          0.711          0.712          0.712          0.712           0.71          0.715          0.714          0.715          0.711          0.717          0.717          0.717          0.715          0.711          0.712          0.713          0.711          0.713          0.715          0.723           0.72          0.724
221          0.759          0.759          0.761          0.759          0.759          0.759           0.76           0.76          0.758          0.761          0.759          0.759          0.758          0.775          0.773          0.778          0.762          0.764          0.764          0.758          0.759          0.761          0.757          0.759          0.757
312          1.085          1.082          1.083          1.083          1.085          1.088          1.083          1.086          1.086          1.081          1.082          1.096          1.105           1.09          1.088          1.089          1.088          1.086          1.083          1.082          1.082          1.084          1.081          1.083          1.085
331          1.132          1.133           1.13          1.145          1.144          1.143          1.136          1.132          1.133          1.133          1.134          1.131          1.135          1.131          1.129          1.132          1.131          1.131          1.133          1.133          1.131          1.133          1.137          1.143          1.143
434          1.506          1.506          1.517          1.529          1.519           1.52          1.507          1.506          1.505           1.51          1.506          1.504          1.527          1.561          1.544          1.537          1.531          1.561          1.539          1.506          1.516          1.505          1.536          1.518           1.51
538          2.033          2.033          2.034          2.032          2.038          2.034          2.032          2.062          2.047           2.04          2.031          2.035          2.034          2.039          2.031          2.037           2.06          2.074          2.091          2.038          2.036           2.03          2.032          2.037          2.036
546          2.088          2.159          2.191          2.159          2.122          2.174          2.137          2.133          2.099          2.153          2.256          2.113           2.11          2.182          2.181          2.278          2.277          2.177           2.19          2.224          2.186          2.141          2.215          2.139          2.158
1085          4.311          4.269          4.264          4.275          4.264          4.257          4.283          4.253          4.256          4.249
2153          8.389          8.525          8.388          8.396          8.386          8.495          8.389          8.391          8.385          8.389
3238         12.621         12.616         12.639         12.617         12.744         12.641         12.608          12.63         12.595         12.619
