1                   3               0.019                0.02               0.018               0.019               0.019               0.019               0.019               0.019                0.02               0.019
3                   3                0.02               0.021                0.02               0.022               0.021                0.02                0.02               0.021               0.021               0.021
3                   9               0.066               0.064               0.066               0.066               0.064               0.065               0.064               0.064               0.064               0.065
9                  20                0.13                0.13               0.126               0.132               0.129               0.128                0.13               0.128                0.13                0.13
20                  30               0.194               0.192               0.195               0.194               0.195               0.196               0.194               0.197               0.196               0.195
30                  40               0.254               0.254               0.254               0.253               0.256                0.26               0.253               0.263               0.265               0.283
40                  58               0.376               0.376               0.375               0.377               0.369                0.37               0.373               0.386               0.397               0.376
58                  68               0.436               0.442               0.439               0.434                0.43               0.434               0.434               0.436                0.42               0.432
68                  73               0.472               0.466               0.441               0.439               0.438               0.439               0.439               0.439               0.439               0.442
73                  81                0.49               0.488               0.488                0.49               0.489               0.494               0.491                0.49               0.487               0.492
81                  99               0.577               0.578               0.572               0.577               0.575               0.575               0.572               0.578               0.574               0.576
99                 112               0.731               0.733               0.736               0.737               0.728               0.732               0.732               0.731               0.729               0.729
112                 124               0.809               0.801               0.812                0.81                0.81               0.807               0.808               0.804               0.811                0.81
124                 130               0.859               0.852               0.852               0.856               0.853               0.855               0.858               0.857               0.852               0.858
130                 137               0.811               0.808               0.808               0.811               0.807               0.809               0.811               0.806               0.811                0.81
137                 143                0.92               0.919                0.92               0.923                0.92               0.922               0.918               0.923               0.922               0.921
143                 154               0.996               0.992               0.997               1.003               1.003               0.997               0.998               1.012               0.997                   1
154                 177               1.169               1.145                1.15               1.147               1.152                1.15               1.149               1.147               1.147                1.15
177                 207               1.152                1.15               1.147               1.152               1.148               1.151               1.147               1.153               1.146                1.15
207                 221               1.204               1.206               1.206               1.198               1.203               1.207               1.208               1.199               1.201               1.198
221                 312               1.731               1.737                1.72               1.731               1.726               1.729               1.729               1.726               1.736               1.732
312                 331               1.837               1.837               1.848               1.847               1.837               1.836               1.854               1.842               1.983                1.84
331                 434               2.409               2.406               2.406               2.397               2.399               2.402               2.407                2.41               2.407               2.424
434                 538               3.308               3.316               3.291               3.297               3.286               3.293               3.288                3.29                 3.3               3.433
538                 546               3.348               3.346               3.335               3.331               3.336               3.347               3.343               3.336               3.335                3.34
546                 711               4.099               4.109                4.09               4.085               4.085                4.08               4.091               4.095               4.089               4.108
711                 766               4.577                4.57               4.575               4.578               4.922               5.035               4.816               5.151               4.939               4.987
766                 887               5.914               6.114               5.611               5.597               5.418               5.327               5.334               5.332               5.323               5.333
887                1085               6.503               6.473               6.468               6.489               6.488               6.466               6.467               6.468               6.495               6.497
1085                2153              12.732               12.67               12.71              12.697              12.679              12.666              12.783              13.126              13.537              12.809
