1                   3               0.016               0.014               0.014               0.013               0.014               0.015               0.014               0.013               0.013               0.013
3                   3               0.015               0.013               0.015               0.015               0.014               0.015               0.031               0.025               0.015               0.015
3                   9               0.047               0.046               0.045               0.046               0.046               0.051               0.046               0.048               0.047               0.046
9                  20               0.117               0.095               0.096               0.095               0.096               0.094               0.094               0.102               0.101               0.097
20                  30               0.163               0.175               0.186               0.153               0.144               0.277               0.185               0.167               0.162               0.151
30                  40                0.21               0.197               0.208                0.19               0.206               0.187               0.196               0.188               0.191               0.195
40                  58               0.297               0.269               0.278               0.276               0.282               0.339               0.284               0.278               0.289               0.293
58                  68               0.363               0.419               0.363               0.371               0.329               0.388               0.341                0.35               0.383               0.332
68                  73               0.383               0.406               0.373               0.388               0.359                0.36               0.349               0.347               0.379               0.385
73                  81               0.452               0.399               0.396               0.396               0.378                0.38               0.389               0.399               0.384                 0.4
81                  99               0.457               0.481               0.519               0.453               0.443               0.448               0.444               0.444               0.457               0.438
99                 112               0.583                0.56                0.56               0.563               0.556               0.564               0.567               0.561               0.563               0.556
112                 124               0.677               0.625               0.625               0.638               0.627               0.629               0.629               0.633               0.628               0.623
124                 130               0.674               0.648               0.652               0.653               0.658               0.654               0.652               0.656                0.67               0.708
130                 137               0.643               0.594               0.593               0.598               0.597               0.681               0.588               0.652               0.592               0.611
137                 143               0.773               0.817                0.76                 0.8               0.749               0.759               0.748               0.764               0.786               0.767
143                 154               0.825               0.806               0.794               0.794               0.862                0.77               0.813               0.822               0.881               0.785
154                 177                1.08               0.944               0.979               0.901                 0.9               0.899               0.947               0.964                0.91                 0.9
177                 207               0.926               0.923               0.922               0.919               0.915                0.92                0.93               0.938               1.001                0.95
207                 221               1.039               1.024                1.05               1.048               1.053               1.057               1.075               1.054               1.055               1.059
221                 312               1.587               1.558               1.484               1.465               1.482               1.415               1.517               1.634               1.507               1.568
312                 331                1.63               1.757               1.682               1.841               2.012               2.147               3.006               1.706               1.725               1.869
331                 434               2.265               2.054               1.973               1.968               1.949               1.959               2.534               1.962               1.994               1.985
434                 538               2.737               2.646               2.662               3.532               2.911               2.756               2.681               2.818               2.823               2.894
538                 546               3.194                2.78               2.773               2.788                 2.9                2.82               2.766                2.98               2.826               3.114
546                 711               3.706               3.694                3.59               3.897                4.09                3.66                3.77               3.793               4.084               3.982
711                 766               4.516               4.137               4.754                3.78                 3.8               4.202               3.857               4.154               4.398               4.039
766                 887               5.353               4.431               4.494               4.768               4.642               4.477               5.201                4.74               4.774               4.968
887                1085                6.05                6.02               6.116               5.932                5.92               6.192               6.222               5.775               6.432               6.028
1085                2153              10.843              10.592              10.775              10.777              10.697              10.502               10.59              10.448              10.653              10.631