1                   3                   0
3                   3            0.142857
3                   9                   0
9                  20                   0
20                  30            0.753333
30                  40            0.842697
40                  58            0.754237
58                  68            0.864469
68                  73            0.713325
73                  81            0.879464
81                  99                   0
99                 112                   0
112                 115           0.0508185
115                 124          0.00592308
124                 130           0.0770378
130                 137            0.228726
137                 143         0.000219704
143                 154           0.0055595
154                 177            0.058987
177                 207            0.179129
