1                   3               0.005               0.004               0.005               0.004               0.004               0.005               0.004               0.004               0.005               0.004
3                   3               0.007               0.008               0.007               0.008               0.008               0.007               0.012               0.009               0.007               0.008
3                   9                0.01               0.011               0.011               0.011               0.019               0.011               0.011               0.011               0.011               0.011
9                  20               0.045               0.046               0.046               0.045               0.046               0.046               0.046               0.048                0.05               0.049
20                  30               0.021               0.043                0.02                0.02                0.02               0.025               0.025                0.02               0.026                0.02
30                  40               0.036               0.031               0.031                0.03               0.029                0.03               0.032                0.03               0.032               0.031
40                  58               0.041               0.041               0.042               0.043               0.044               0.044               0.051               0.042               0.052                0.05
58                  68               0.063               0.065                0.07               0.065               0.062               0.069               0.071               0.069               0.076               0.068
68                  73               0.077               0.078               0.077                0.12               0.077               0.082               0.078               0.078               0.079               0.076
73                  81               0.116               0.082               0.077               0.077                0.08               0.087               0.078               0.077               0.077               0.081
81                  99               0.514               0.537               0.635               0.509               0.519                0.56               0.578               0.517                0.52               0.501
99                 112               0.436               0.433               0.431               0.434               0.439               0.432               0.437               0.436               0.429               0.434
112                 124               0.669               0.673               0.689               0.657               0.667               0.666               0.667               0.685               0.668               0.665
124                 130               0.745               0.741               0.745               0.732                0.74               0.743               0.743                0.73               0.779               0.818
130                 137               0.628               0.628               0.618                0.63                0.63               0.651               0.626               0.633               0.625               0.639
137                 143               0.657               0.639               0.639               0.634               0.627               0.649               0.673               0.685               0.762               0.688
143                 154               0.714               0.729               0.734               0.708               0.776               0.719               0.759               0.721               0.743               0.748
154                 177               0.857               0.834               0.832               0.813               0.815               0.813               0.899               0.843                0.82               0.815
177                 207               0.999               1.002               1.001               1.003               0.999               1.011               1.011               1.145               1.045               1.045
207                 221               0.617               0.629                0.64               0.646               0.734               0.641               0.656                0.66               0.652                0.65
221                 312               0.931               0.976               0.952               0.907               0.909                0.98               0.961               1.086               1.134               1.077
312                 331               0.465               0.448                0.46               0.742                0.49               0.634               0.591               0.482               0.476               0.513
331                 434               0.463               0.434               0.437               0.433               0.431               0.431               0.588               0.445               0.431               0.433
434                 538               2.215               2.198               2.305               3.288               2.391               2.643               2.223               2.464               2.378                2.47
538                 546               0.709               0.695               0.644               0.797               0.732               0.838               0.663               0.763               0.726               0.773
546                 711               3.914               3.802               4.296               4.336                4.23               3.894               3.934               3.865               4.746               5.052
711                 766               2.902               3.062               2.667               2.678               3.021               2.809               2.665               2.668               3.034               2.785
766                 887               1.014               1.078                1.06               1.206               0.979               0.992               1.218               0.989                1.02               1.051
887                1085               2.793               2.856               2.948               3.526               2.965               3.099               2.652               2.972               3.312               3.738
1085                2153               1.435               1.562               1.565               1.366               1.429               1.467               1.348                1.74               1.564               1.522