1                   3               0.002               0.003               0.003               0.004               0.003               0.003               0.003               0.003               0.003               0.002
3                   3               0.007               0.006               0.008               0.008               0.006               0.006               0.006               0.006               0.007               0.006
3                   9               0.008               0.008               0.009               0.008               0.008               0.008               0.008               0.008               0.008               0.009
9                  20               0.031               0.031               0.032               0.031               0.031               0.031               0.031               0.031               0.032               0.031
20                  30               0.028               0.029               0.028               0.029               0.029               0.029               0.028               0.028               0.028               0.029
30                  40               0.042               0.042               0.042               0.042               0.043               0.044               0.042               0.044               0.045               0.045
40                  58               0.061               0.061                0.06               0.061                0.06               0.061               0.062               0.064               0.062               0.062
58                  68               0.088               0.088               0.087               0.087               0.087               0.088               0.088               0.086               0.087               0.089
68                  73               0.106               0.104               0.098                 0.1               0.098               0.098               0.099               0.097               0.099                 0.1
73                  81               0.105               0.106               0.104               0.106               0.105               0.106               0.106               0.104               0.105               0.105
81                  99               0.374               0.372               0.369               0.372               0.372               0.373               0.371               0.371               0.371               0.374
99                 112               0.284               0.284               0.284               0.285               0.285               0.284               0.283               0.284               0.282               0.283
112                 124               0.553               0.552               0.555               0.555               0.553               0.554                0.55               0.554               0.558               0.564
124                 130               0.602               0.603               0.603               0.603               0.606               0.598               0.602               0.604               0.601                 0.6
130                 137               0.423               0.423               0.425               0.419               0.424               0.422               0.421               0.423               0.424                0.42
137                 143               0.384               0.384               0.384                0.38               0.385               0.384               0.385               0.383               0.382               0.385
143                 154               0.549               0.542               0.546               0.543               0.552               0.547               0.558               0.545                0.55               0.548
154                 177               0.674               0.668               0.665               0.664               0.667               0.667               0.667               0.674               0.666               0.667
177                 207               0.747               0.749               0.743               0.748               0.746               0.747               0.746               0.748               0.745                0.75
207                 221               0.521               0.528               0.525               0.524               0.521               0.527               0.527               0.522               0.524               0.525
221                 312                0.73               0.729               0.729                0.73               0.732               0.759                0.73               0.734               0.728               0.736
312                 331               0.541               0.537               0.547                0.54                0.54               0.546               0.545               0.538               0.543               0.541
331                 434               0.568               0.561               0.568               0.562               0.566               0.562               0.562               0.574               0.562               0.566
434                 538                1.62               1.639               1.614               1.616               1.616               1.625               1.615               1.613               1.616               1.714
538                 546               0.874               0.847               0.846               0.845               0.848               0.845               0.868               0.847               0.849                0.85
546                 711               2.641               2.658               2.635               2.639               2.648               2.646               2.642               2.657                2.65               2.634
711                 766               2.267               2.267               2.268               2.279               2.664               2.504               2.669               2.516               2.437               2.308
766                 887               1.494               1.694               1.294               1.237               1.238               1.233               1.237               1.254               1.249               1.237
887                1085               2.382               2.423               2.383               2.396               2.392               2.391               2.384               2.387               2.406               2.408
1085                2153               1.957               1.965               1.983               1.962               1.963               1.957               1.979               2.325               2.126                1.97
