3          0.017          0.017          0.017          0.017          0.016          0.017          0.017          0.017          0.017          0.016          0.017          0.017          0.017          0.017          0.018          0.016          0.017          0.019          0.017          0.022          0.019          0.017          0.018          0.017          0.016
3          0.018          0.018          0.018          0.018          0.018          0.019          0.018           0.02           0.02          0.022          0.018          0.018          0.018          0.018          0.019          0.018          0.018          0.018          0.018          0.018          0.018          0.018          0.018          0.018          0.018
9          0.065          0.058          0.057          0.057          0.057          0.058          0.057          0.057          0.058          0.058          0.057          0.057          0.058          0.057          0.057          0.058          0.058          0.058          0.057          0.057          0.058          0.057          0.058          0.057          0.057
20          0.122          0.117          0.117          0.116          0.117          0.116          0.116          0.116          0.116          0.116          0.117          0.118          0.117          0.116          0.116          0.117          0.117          0.117          0.117          0.118          0.117          0.118          0.116          0.117          0.116
30          0.185          0.175          0.176          0.175          0.176          0.178          0.174          0.176          0.177          0.175          0.176          0.176          0.175          0.176          0.178          0.176          0.176          0.176          0.175          0.177          0.176          0.175          0.176          0.176          0.176
40           0.23          0.231          0.231          0.229          0.231           0.23          0.231           0.23          0.231          0.229          0.228          0.231          0.229          0.231          0.229          0.231           0.23           0.23           0.23           0.23          0.229          0.231          0.233          0.229          0.232
58          0.325          0.331          0.326          0.332          0.325          0.327          0.325          0.325          0.326          0.326          0.326          0.325          0.326          0.326          0.325          0.329          0.327          0.323          0.328          0.325          0.324          0.328          0.324          0.324          0.327
68          0.382          0.381           0.38          0.381           0.38           0.38          0.382           0.38          0.379          0.381           0.38          0.388          0.387          0.386          0.389          0.381          0.389          0.383          0.383          0.385          0.384          0.381          0.386          0.379          0.381
73          0.406          0.409          0.405          0.406          0.405          0.405          0.405          0.423          0.412          0.406          0.443          0.407          0.408          0.417          0.406          0.407          0.427          0.407          0.413           0.41          0.405          0.406          0.408          0.406          0.407
81          0.453          0.452          0.454          0.454          0.454          0.452          0.453          0.455          0.453          0.453          0.451          0.451          0.451          0.453          0.452          0.454          0.453          0.455          0.452          0.454          0.451          0.454          0.451          0.453          0.453
99           0.53          0.521          0.519           0.52          0.521          0.524          0.522          0.521          0.523          0.522          0.522          0.522          0.522          0.519          0.526          0.521          0.522          0.521          0.522          0.521          0.521           0.52           0.52          0.522          0.521
112          0.673          0.672          0.673          0.675          0.671           0.67          0.675          0.672          0.669          0.673          0.671           0.67          0.673          0.671          0.667          0.702           0.67            0.7          0.705          0.673          0.713          0.696          0.702          0.672           0.67
115          0.695          0.693          0.697          0.694          0.695          0.693          0.695          0.696          0.696          0.696          0.695          0.696          0.694          0.695          0.705            0.7          0.703          0.698          0.709          0.701          0.697          0.697          0.694          0.693          0.696
124          0.752          0.751           0.76          0.763          0.764          0.758          0.758          0.759          0.758          0.753          0.757           0.75          0.749           0.75          0.751          0.752          0.749          0.752          0.752          0.754          0.754           0.75           0.75          0.778          0.784
130          0.787          0.787          0.789          0.788          0.787          0.786          0.788          0.788          0.787          0.796          0.786          0.787          0.787          0.788          0.786          0.786          0.792          0.804          0.795          0.793          0.796          0.795          0.811          0.814          0.789
137            0.8          0.746          0.759          0.755          0.749          0.745          0.746          0.745           0.75          0.735          0.739          0.736          0.741          0.739          0.737          0.737          0.739          0.738           0.74          0.737           0.74          0.736          0.736          0.768          0.752
143          0.859          0.854          0.855          0.861          0.863          0.853          0.854          0.853          0.853          0.856          0.854          0.852          0.859          0.851          0.853          0.868          0.859          0.869           0.86          0.912          0.866          0.854          0.856          0.858          0.859
154          0.947          0.937          0.958          0.975          0.943          0.932           0.93          0.926          0.929          0.929          0.928          0.928          0.927          0.928           0.93          0.929          0.964          0.951          0.956          0.964           0.93          0.959          0.927          0.925          0.928
177          1.074          1.108          1.087          1.087           1.08          1.083          1.074          1.069          1.072           1.07          1.073          1.071           1.07          1.069          1.076          1.072          1.071          1.072          1.073           1.07          1.071          1.081          1.073          1.108          1.086
207          1.157          1.096          1.132          1.091          1.094           1.09           1.09          1.094           1.09           1.09          1.092          1.092          1.089          1.094          1.091          1.096          1.093          1.092          1.092          1.112          1.101          1.108          1.107          1.106          1.095
221          1.181          1.159          1.151          1.148          1.147          1.144          1.147          1.149          1.147          1.147          1.149          1.147          1.175          1.157          1.169          1.179          1.177          1.155          1.145          1.146          1.145          1.148          1.149          1.149          1.144
312          1.663          1.669          1.656          1.656          1.657          1.664          1.657          1.668          1.684          1.669          1.669          1.658          1.665          1.661          1.655          1.656          1.656          1.656          1.701          1.704          1.713          1.657          1.657           1.66          1.663
331          1.751          1.746          1.749          1.749          1.781          1.768          1.809          1.751           1.75          1.744          1.752          1.754          1.779          1.781          1.805          1.797          1.805           1.73          1.727          1.762          1.783          1.745          1.733          1.721           1.72
434          2.291          2.266          2.261          2.277          2.261          2.256          2.257          2.306          2.309          2.298          2.262           2.26          2.263          2.258          2.265          2.258           2.27          2.398          2.339          2.308          2.297          2.366          2.349          2.333           2.33
538          3.145          3.128          3.146          3.157          3.115          3.117          3.122          3.116          3.117           3.18          3.152          3.115           3.12          3.265          3.154          3.163          3.211          3.126          3.124          3.115          3.116          3.143          3.146            3.2          3.145
546          3.199          3.158           3.18          3.177          3.242          3.234          3.324          3.266          3.341          3.331          3.299          3.262          3.269           3.21          3.392          3.345          3.245          3.294          3.314          3.208          3.291          3.239          3.252          3.279          3.268
1085           6.41          6.483          6.419          6.348           6.44          6.567          6.621          6.373          6.367          6.317          6.405          6.497          6.379          6.483          6.463          6.575          6.682          6.429          6.315          6.599
2153         12.536         12.483         12.506         12.508         12.485         12.471         12.482          12.49         12.536         12.561
3238         18.702         18.653         18.664         18.624         18.648         18.738         18.645         18.672         18.652         18.617
4123         23.651         23.628         23.765         23.582         23.672         23.609         23.652         23.657         23.626         23.627
