1                   3               0.002               0.004               0.003               0.003               0.006               0.002               0.005               0.005               0.003               0.004               0.004               0.003               0.002               0.002               0.004               0.003               0.002               0.002               0.002               0.002               0.002               0.002               0.002               0.002               0.002
3                   3               0.005               0.006               0.005               0.005               0.005               0.005               0.005               0.005               0.005               0.005               0.005               0.005               0.005               0.005               0.005               0.005               0.005               0.005               0.005               0.005               0.005               0.005               0.005               0.005               0.005
3                   9               0.005               0.006               0.006               0.005               0.006               0.005               0.005               0.006               0.006               0.006               0.005               0.005               0.005               0.005               0.005               0.006               0.006               0.005               0.006               0.005               0.005               0.005               0.005               0.005               0.005
9                  20               0.024               0.026               0.024               0.027               0.025               0.025               0.024               0.024               0.024               0.025               0.027               0.025               0.039               0.025               0.026               0.026               0.025               0.025               0.025               0.024               0.024               0.025               0.025               0.024               0.025
20                  30               0.018               0.018               0.018               0.017               0.017               0.018               0.018               0.018               0.018               0.018               0.018               0.018               0.017               0.018               0.018               0.018               0.018               0.018               0.019               0.018               0.018               0.018               0.018               0.019               0.018
30                  40               0.028               0.029               0.028               0.028               0.027               0.028               0.028               0.028               0.028               0.029               0.028               0.028               0.029               0.027               0.029               0.028               0.028               0.028               0.028               0.028               0.029               0.029               0.028               0.029               0.028
40                  58               0.039               0.039               0.039               0.045               0.041               0.042                0.04               0.043               0.045                0.04               0.041                0.04               0.039               0.038               0.038               0.038                0.04               0.047                0.04               0.039               0.039                0.04               0.039                0.04               0.039
58                  68               0.058               0.058               0.058               0.058               0.059               0.058               0.059               0.059               0.059               0.059               0.058               0.059               0.058               0.057               0.058               0.059               0.059               0.058               0.059               0.058                0.06               0.059               0.058               0.058               0.059
68                  73               0.069                0.07               0.069               0.069                0.07               0.069               0.068               0.069                0.07                0.07                0.07               0.069                0.07               0.069               0.071                0.07               0.069               0.069               0.069               0.071               0.068                0.07                0.07               0.069               0.069
73                  81               0.073               0.073               0.072               0.074               0.073               0.074               0.073               0.073               0.073               0.073               0.073               0.072               0.074               0.074               0.073               0.073               0.073               0.073               0.074               0.073               0.073               0.073               0.073               0.072               0.073
81                  99               0.328               0.329               0.329               0.327               0.329                0.33               0.327                0.33               0.328               0.329               0.327                0.33                0.33               0.329               0.328               0.328               0.327                0.33               0.328               0.328                0.33               0.329               0.327                0.33               0.328
99                 112               0.237               0.239               0.239               0.241               0.242               0.242               0.242               0.242               0.244               0.249               0.251               0.251               0.253               0.252               0.298               0.237               0.236                0.24               0.235               0.236               0.241               0.242               0.236               0.238               0.238
112                 115               0.414               0.418               0.413               0.415               0.419               0.412               0.413               0.411               0.414               0.414               0.415               0.425               0.424               0.452               0.453               0.468               0.467               0.466               0.472               0.459               0.472               0.455               0.471               0.474               0.472
115                 124               0.512               0.559               0.514               0.544               0.567               0.556               0.543               0.518               0.522               0.486               0.531               0.476               0.472               0.474               0.471               0.472               0.473               0.474               0.475               0.473               0.474               0.476               0.477               0.473               0.474
124                 130               0.535               0.528               0.534               0.528               0.532               0.528               0.529               0.528               0.529               0.532                0.53                0.53               0.527               0.531               0.528               0.528               0.527               0.526               0.527               0.527                0.53               0.527               0.527               0.529               0.528
130                 137               0.363               0.362               0.361                0.36               0.363               0.359               0.362                0.36                0.36               0.361                0.37               0.367               0.371               0.369                0.37               0.373               0.383               0.384               0.386               0.384               0.486               0.364               0.359               0.363               0.362
137                 143               0.342               0.336               0.342               0.342               0.344               0.357               0.332               0.356               0.334                0.33               0.336               0.327               0.333                0.34                0.35               0.346               0.322               0.318               0.318               0.324               0.322               0.318               0.319               0.319               0.318
143                 154               0.469               0.469               0.469               0.467               0.475               0.485               0.472               0.509               0.491               0.517               0.522               0.521               0.498               0.529               0.519               0.525               0.531               0.532               0.542               0.545               0.521               0.543               0.494               0.525               0.532
154                 177                0.64               0.608               0.652               0.592               0.626               0.634               0.588               0.587               0.588               0.593               0.582               0.585               0.588                0.58               0.575                0.58               0.578               0.583               0.581               0.578               0.591               0.608                0.59               0.578               0.578
177                 207               0.653               0.655               0.647               0.648               0.649               0.652               0.648               0.646               0.647               0.649               0.672               0.652               0.649               0.648               0.651               0.647               0.646               0.649               0.649                0.65                0.65               0.649               0.647               0.671               0.649
